--- CLOSED SHELL ORBITALS --- GENERATED AT Thu Aug 20 14:34:58 2020
 Water H2O (GEOMETRY: MP2/cc-pVTZ)                                              
E(RHF)=        0.0000000000, E(NUC)=    9.1801505578,    1 ITERS
 $VEC   
 1  1 9.94580297E-01 2.13534853E-02-0.00000000E+00-0.00000000E+00-1.48955790E-03
 1  2 4.13794341E-03-0.00000000E+00-0.00000000E+00 5.62155682E-04-3.95036769E-03
 1  3-4.30545785E-03-4.10798098E-03-0.00000000E+00-0.00000000E+00-0.00000000E+00
 1  4 3.35815028E-04-1.81309932E-04 3.35815028E-04-1.81309932E-04
 2  1-2.07922621E-01 4.65312411E-01-0.00000000E+00-0.00000000E+00-8.65603081E-02
 2  2 4.36176690E-01-0.00000000E+00-0.00000000E+00-4.89361608E-02-8.30099815E-04
 2  3 2.64841962E-02 2.22144610E-02-0.00000000E+00-0.00000000E+00-0.00000000E+00
 2  4 1.34774106E-01 9.03203322E-03 1.34774106E-01 9.03203322E-03
 3  1 0.00000000E+00 0.00000000E+00 0.00000000E+00 4.99740181E-01 0.00000000E+00
 3  2 0.00000000E+00 0.00000000E+00 3.09157094E-01 0.00000000E+00 0.00000000E+00
 3  3 0.00000000E+00 0.00000000E+00 0.00000000E+00 0.00000000E+00-5.13292565E-02
 3  4 2.31926539E-01 1.17402217E-01-2.31926539E-01-1.17402217E-01
 4  1-7.16111643E-02 1.63236546E-01 0.00000000E+00 0.00000000E+00 5.65978944E-01
 4  2 3.02942271E-01 0.00000000E+00 0.00000000E+00 4.04187436E-01 1.28424950E-02
 4  3 3.64816028E-03-4.65320575E-02 0.00000000E+00 0.00000000E+00 0.00000000E+00
 4  4-1.36582258E-01-7.20518595E-02-1.36582258E-01-7.20518595E-02
 5  1 0.00000000E+00 0.00000000E+00 6.46880263E-01 0.00000000E+00 0.00000000E+00
 5  2 0.00000000E+00 5.03547989E-01 0.00000000E+00 0.00000000E+00 0.00000000E+00
 5  3 0.00000000E+00 0.00000000E+00 0.00000000E+00-3.54881851E-02 0.00000000E+00
 5  4 0.00000000E+00 0.00000000E+00 0.00000000E+00 0.00000000E+00
 6  1-1.04131566E-01 6.03570007E-02 0.00000000E+00 0.00000000E+00-2.10663078E-01
 6  2 1.42806712E+00 0.00000000E+00 0.00000000E+00-5.05987988E-01-7.15718093E-02
 6  3-5.74231451E-02-4.32500878E-02 0.00000000E+00 0.00000000E+00 0.00000000E+00
 6  4-5.49278971E-02-1.04193030E+00-5.49278971E-02-1.04193030E+00
 7  1 0.00000000E+00 0.00000000E+00 0.00000000E+00 3.30244565E-01 0.00000000E+00
 7  2 0.00000000E+00 0.00000000E+00 8.36186492E-01 0.00000000E+00 0.00000000E+00
 7  3 0.00000000E+00 0.00000000E+00 0.00000000E+00 0.00000000E+00-2.23823297E-02
 7  4-4.73777038E-02-1.39631597E+00 4.73777038E-02 1.39631597E+00
 8  1-0.00000000E+00-0.00000000E+00-0.00000000E+00-8.66587417E-02-0.00000000E+00
 8  2-0.00000000E+00-0.00000000E+00-6.62679126E-01-0.00000000E+00-0.00000000E+00
 8  3-0.00000000E+00-0.00000000E+00-0.00000000E+00-0.00000000E+00-1.97548498E-01
 8  4 8.35936259E-01-4.62248096E-01-8.35936259E-01 4.62248096E-01
 9  1-5.47230868E-03-9.32271869E-01 0.00000000E+00 0.00000000E+00-5.41373356E-01
 9  2 1.70678324E+00 0.00000000E+00 0.00000000E+00 7.60005519E-01-3.76863152E-01
 9  3-2.29533455E-01-3.28733451E-01 0.00000000E+00 0.00000000E+00 0.00000000E+00
 9  4 4.20589372E-01-4.01619942E-01 4.20589372E-01-4.01619942E-01
10  1 0.00000000E+00 0.00000000E+00-9.57850398E-01 0.00000000E+00 0.00000000E+00
10  2 0.00000000E+00 1.03995832E+00 0.00000000E+00 0.00000000E+00 0.00000000E+00
10  3 0.00000000E+00 0.00000000E+00 0.00000000E+00-1.27822330E-02 0.00000000E+00
10  4 0.00000000E+00 0.00000000E+00 0.00000000E+00 0.00000000E+00
11  1 5.02306171E-02-8.55073110E-02 0.00000000E+00 0.00000000E+00 6.76897924E-01
11  2-1.29739807E-01 0.00000000E+00 0.00000000E+00-2.53164054E-01-1.32472170E-01
11  3 2.05975262E-01 2.55173849E-02 0.00000000E+00 0.00000000E+00 0.00000000E+00
11  4 7.44768369E-01-4.43963680E-01 7.44768369E-01-4.43963680E-01
12  1 0.00000000E+00 0.00000000E+00 0.00000000E+00-1.04096478E+00 0.00000000E+00
12  2 0.00000000E+00 0.00000000E+00 1.52177367E+00 0.00000000E+00 0.00000000E+00
12  3 0.00000000E+00 0.00000000E+00 0.00000000E+00 0.00000000E+00-2.01964242E-02
12  4 1.04604046E-01-9.11504493E-01-1.04604046E-01 9.11504493E-01
13  1-8.54959836E-02-1.41305260E+00-0.00000000E+00-0.00000000E+00 5.02923443E-01
13  2 3.55892481E+00-0.00000000E+00-0.00000000E+00-1.18430205E+00-2.67559002E-01
13  3-6.47031268E-01-4.08941478E-01-0.00000000E+00-0.00000000E+00-0.00000000E+00
13  4-3.36321491E-01-7.73883686E-01-3.36321491E-01-7.73883686E-01
14  1 6.81270822E-03 7.45569775E-02-0.00000000E+00-0.00000000E+00-1.30605193E-03
14  2-2.17177844E-01-0.00000000E+00-0.00000000E+00 1.25826041E-01-3.49965810E-01
14  3-5.97397594E-01 1.00493797E+00-0.00000000E+00-0.00000000E+00-0.00000000E+00
14  4 7.50858981E-02 3.45597099E-02 7.50858981E-02 3.45597099E-02
15  1-0.00000000E+00-0.00000000E+00-0.00000000E+00-0.00000000E+00-0.00000000E+00
15  2-0.00000000E+00-0.00000000E+00-0.00000000E+00-0.00000000E+00-0.00000000E+00
15  3-0.00000000E+00-0.00000000E+00 1.00000000E+00-0.00000000E+00-0.00000000E+00
15  4-0.00000000E+00-0.00000000E+00-0.00000000E+00-0.00000000E+00
16  1-0.00000000E+00-0.00000000E+00 1.07207689E-02-0.00000000E+00-0.00000000E+00
16  2-0.00000000E+00 3.11851868E-02-0.00000000E+00-0.00000000E+00-0.00000000E+00
16  3-0.00000000E+00-0.00000000E+00-0.00000000E+00 9.99288348E-01-0.00000000E+00
16  4-0.00000000E+00-0.00000000E+00-0.00000000E+00-0.00000000E+00
17  1-5.79679469E-02-4.93067899E-01-0.00000000E+00-0.00000000E+00 5.00512822E-02
17  2 1.57862287E+00-0.00000000E+00-0.00000000E+00-7.51677533E-01-1.14096888E+00
17  3 7.32926928E-01 5.97435472E-02-0.00000000E+00-0.00000000E+00-0.00000000E+00
17  4-8.42796904E-01-1.43965914E-01-8.42796904E-01-1.43965914E-01
18  1-0.00000000E+00-0.00000000E+00-0.00000000E+00 1.79023873E-02-0.00000000E+00
18  2-0.00000000E+00-0.00000000E+00-8.49585782E-01-0.00000000E+00-0.00000000E+00
18  3-0.00000000E+00-0.00000000E+00-0.00000000E+00-0.00000000E+00 1.28291943E+00
18  4 9.47467311E-01-4.41228277E-02-9.47467311E-01 4.41228277E-02
19  1-4.65832651E-01 3.31625538E-01 0.00000000E+00 0.00000000E+00 1.16244453E-01
19  2 3.61172399E+00 0.00000000E+00 0.00000000E+00-3.20489584E-01-1.55982442E+00
19  3-1.52359388E+00-1.54096747E+00 0.00000000E+00 0.00000000E+00 0.00000000E+00
19  4 1.26197071E-01-5.41717437E-01 1.26197071E-01-5.41717437E-01
 $END   
